1,1,121.88,333.75,135.0,58.879999999999995,1,1,1.0
1,2,208.5,251.25,95.25,39.75,1,1,0.0
1,3,733.12,266.44,72.38,38.620000000000005,1,1,1.0
2,1,100.55,336.4,139.89,60.5,1,1,1.0
2,2,209.14,251.28,94.61000000000001,39.74999999999997,1,1,0.0
2,3,722.41,269.38,72.06000000000006,37.31999999999999,1,1,1.0
3,1,78.41,339.74,137.29,61.94,1,1,1.0
3,2,209.6,251.29,94.22999999999999,40.34,1,1,0.0
3,3,709.39,270.35,75.51999999999998,38.589999999999975,1,1,1.0
4,1,47.4,343.1,150.92,63.19999999999999,1,1,1.0
4,2,218.77,251.62,85.06999999999996,40.50999999999999,1,1,0.0
4,3,694.93,271.98,76.61000000000001,38.96999999999997,1,1,1.0
5,1,19.8,346.81,152.29999999999998,63.910000000000025,1,1,1.0
5,2,216.92,251.53,86.41999999999999,40.309999999999974,1,1,0.0
5,3,680.42,273.87,77.41000000000008,39.65999999999997,1,1,1.0
6,1,0.0,350.97,147.8,65.08999999999997,1,1,1.0
6,2,213.25,251.98,90.74000000000001,40.46000000000001,1,1,0.0
6,3,666.65,275.5,77.64999999999998,40.370000000000005,1,1,1.0
7,1,0.0,354.43,127.9,67.07,1,1,1.0
7,2,213.86,252.01,89.91999999999996,40.54000000000002,1,1,0.0
7,3,651.7,277.1,78.69999999999993,41.65999999999997,1,1,1.0
8,1,0.0,357.96,105.0,69.24000000000001,1,1,1.0
8,2,213.61,252.19,90.14999999999998,40.28000000000003,1,1,0.0
8,3,637.15,278.6,80.58000000000004,42.60999999999996,1,1,1.0
9,1,0.0,363.46,81.1,61.06,1,1,1.0
9,2,212.05,252.3,91.52999999999997,40.44,1,1,0.0
9,3,622.29,280.62,82.24000000000001,42.93000000000001,1,1,1.0
10,1,0.0,367.81,54.2,57.71999999999997,1,1,1.0
10,2,210.14,252.06,93.02000000000004,40.30000000000001,1,1,0.0
10,3,606.36,283.81,82.78999999999996,42.579999999999984,1,1,1.0
11,1,0.0,377.23,29.05,51.31,1,1,1.0
11,2,210.35,252.43,93.10999999999999,40.420000000000016,1,1,1.0
11,3,591.89,285.19,83.98000000000002,43.839999999999975,1,1,1.0
12,2,209.27,252.39,94.10999999999999,40.49000000000001,1,1,1.0
12,3,576.09,288.09,85.86000000000001,43.59000000000003,1,1,0.0
13,2,208.47,252.72,94.98999999999998,40.50000000000003,1,1,1.0
13,3,560.6,289.75,87.03999999999996,41.94999999999999,1,1,0.0
14,2,208.27,252.94,95.30999999999997,40.51999999999998,1,1,1.0
14,3,544.71,291.11,87.92999999999995,44.339999999999975,1,1,0.0
15,2,208.47,253.11,94.91,40.52999999999997,1,1,1.0
15,3,528.09,293.13,90.18999999999994,46.89999999999998,1,1,0.0
16,2,207.64,252.74,95.22000000000003,40.56,1,1,1.0
16,3,510.53,297.9,92.45000000000005,45.75,1,1,0.0
17,2,207.91,252.78,95.10999999999999,40.53,1,1,1.0
17,3,494.16,301.45,94.28000000000003,45.19,1,1,0.0
18,2,207.11,252.08,94.75999999999999,40.59,1,1,1.0
18,3,475.44,304.09,95.86999999999995,45.78000000000003,1,1,0.0
19,2,206.34,252.55,96.41999999999999,40.47999999999996,1,1,1.0
19,3,459.25,304.02,95.52999999999997,49.31,1,1,0.0
20,2,207.23,252.9,95.78999999999999,40.22999999999999,1,1,1.0
20,3,442.35,305.32,94.81999999999994,51.610000000000014,1,1,0.0
21,2,208.11,252.9,95.52999999999997,40.62999999999997,1,1,1.0
21,3,424.95,307.91,98.94,52.48999999999995,1,1,1.0
22,2,208.06,253.09,95.42000000000002,40.559999999999974,1,1,1.0
22,3,406.71,310.45,101.90000000000003,54.04000000000002,1,1,1.0
23,2,208.47,253.1,94.86999999999998,40.53999999999999,1,1,1.0
23,3,387.98,313.37,104.45999999999998,54.860000000000014,1,1,1.0
24,2,208.45,253.16,94.91000000000003,40.52000000000001,1,1,1.0
24,3,368.97,316.65,106.85999999999996,55.620000000000005,1,1,1.0
25,2,208.79,253.47,94.68000000000004,40.50000000000003,1,1,1.0
25,3,350.14,319.82,108.71000000000004,56.84000000000003,1,1,1.0
26,2,208.06,253.07,95.05000000000001,40.56,1,1,1.0
26,3,329.87,322.5,110.77999999999997,58.329999999999984,1,1,1.0
27,2,208.05,252.96,95.21999999999997,40.53,1,1,1.0
27,3,309.8,326.21,113.5,58.81999999999999,1,1,1.0
28,2,208.08,252.95,95.28,40.50999999999999,1,1,1.0
28,3,289.56,330.02,115.46999999999997,59.450000000000045,1,1,1.0
29,2,207.55,252.89,95.78999999999996,40.27000000000004,1,1,1.0
29,3,267.67,333.07,118.33999999999997,60.889999999999986,1,1,1.0
30,2,207.63,252.78,95.48000000000002,40.41999999999999,1,1,1.0
30,3,246.02,337.08,122.29999999999998,61.400000000000034,1,1,1.0
31,2,207.31,252.34,95.35000000000002,40.49999999999997,1,1,1.0
31,3,223.8,339.62,125.19999999999999,63.31,1,1,1.0
32,2,207.98,252.71,95.08000000000001,40.47999999999999,1,1,1.0
32,3,201.75,343.95,127.75999999999999,63.93000000000001,1,1,1.0
33,2,207.77,252.46,95.21000000000001,40.51000000000002,1,1,1.0
33,3,178.17,346.84,131.80000000000004,67.11000000000001,1,1,1.0
34,2,207.78,252.55,95.27000000000001,40.5,1,1,1.0
34,3,153.57,351.56,135.95999999999998,66.82999999999998,1,1,1.0
35,2,208.07,252.74,95.28000000000003,40.48000000000002,1,1,1.0
35,3,128.87,354.92,139.90999999999997,69.44999999999999,1,1,1.0
36,2,208.29,252.81,95.28,40.48000000000002,1,1,1.0
36,3,103.13,358.65,144.5,71.5,1,1,1.0
37,2,208.01,252.77,95.75999999999999,40.48999999999998,1,1,1.0
37,3,76.52,363.77,148.94,71.81,1,1,1.0
38,2,208.1,252.48,95.17999999999998,40.53,1,1,1.0
38,3,49.01,366.54,153.20000000000002,74.47999999999996,1,1,1.0
39,2,208.38,252.37,94.98000000000002,40.50999999999999,1,1,1.0
39,3,20.54,371.91,158.64000000000001,75.77999999999997,1,1,1.0
40,2,208.83,252.67,94.91,40.49000000000004,1,1,1.0
40,3,0.0,376.43,155.47,77.68,1,1,1.0
41,2,208.21,252.1,95.10999999999999,40.53,1,1,1.0
41,3,0.0,380.9,130.21,79.41000000000003,1,1,1.0
42,2,208.4,251.96,94.70000000000002,40.52000000000001,1,1,1.0
42,3,0.0,384.6,104.99,81.91999999999996,1,1,1.0
43,2,208.29,251.85,95.03999999999999,40.52000000000001,1,1,1.0
43,3,0.0,389.93,80.18,75.14999999999998,1,1,1.0
44,2,208.87,252.31,94.94,40.21999999999997,1,1,1.0
44,3,0.0,399.5,52.53,65.69,1,1,1.0
45,2,209.09,252.51,95.15,40.35000000000002,1,1,1.0
45,3,0.0,412.5,25.6,55.5,1,1,1.0
46,2,208.77,252.54,94.70000000000002,39.98999999999998,1,1,1.0
47,2,208.79,252.29,94.54999999999998,40.31000000000003,1,1,1.0
48,2,208.66,252.31,94.51000000000002,40.410000000000025,1,1,1.0
49,2,208.32,252.38,94.98000000000002,40.47000000000003,1,1,1.0
50,2,208.03,252.05,95.16,40.75999999999999,1,1,1.0
51,2,207.9,251.88,94.72,40.629999999999995,1,1,1.0
51,4,950.81,230.16,9.190000000000055,47.76000000000002,1,1,1.0
52,2,208.06,251.82,95.07999999999998,41.01999999999998,1,1,1.0
52,4,947.2,225.5,12.799999999999955,52.420000000000016,1,1,1.0
53,2,208.49,251.78,94.69999999999999,41.16,1,1,1.0
53,4,942.1,226.0,17.899999999999977,57.0,1,1,1.0
54,2,208.56,252.18,94.52999999999997,40.74000000000001,1,1,1.0
54,4,935.4,226.0,24.600000000000023,57.0,1,1,1.0
55,2,208.76,252.54,94.71000000000004,40.59,1,1,1.0
55,4,934.6,226.0,25.399999999999977,59.80000000000001,1,1,1.0
56,2,208.45,253.04,95.04000000000002,40.51000000000002,1,1,1.0
56,4,928.74,225.63,31.25999999999999,64.50999999999999,1,1,1.0
57,2,208.39,253.42,95.15000000000003,40.49000000000004,1,1,1.0
57,4,928.74,225.63,31.25999999999999,64.50999999999999,1,1,1.0
58,2,208.27,253.79,95.66999999999999,40.48999999999998,1,1,1.0
58,4,922.3,225.46,37.700000000000045,66.60999999999999,1,1,1.0
59,2,208.07,253.78,95.12,40.52000000000001,1,1,1.0
59,4,916.1,225.6,43.48000000000002,68.71000000000001,1,1,1.0
60,2,208.15,253.85,95.18999999999997,40.50000000000003,1,1,1.0
60,4,912.04,225.62,47.81000000000006,70.45999999999998,1,1,1.0
61,2,208.52,254.24,95.21000000000001,40.46999999999997,1,1,1.0
61,4,908.63,225.89,51.33000000000004,71.0,1,1,1.0
62,2,208.55,254.48,95.22999999999996,40.47999999999999,1,1,1.0
62,4,902.7,226.06,57.299999999999955,72.14999999999998,1,1,1.0
63,2,208.49,254.61,95.21999999999997,40.5,1,1,1.0
63,4,897.46,226.43,62.389999999999986,73.27999999999997,1,1,1.0
64,2,208.17,254.83,95.21000000000001,40.52000000000001,1,1,1.0
64,4,891.45,226.3,68.54999999999995,77.39999999999998,1,1,1.0
65,2,208.03,255.03,95.22,40.49999999999997,1,1,1.0
65,4,885.84,226.31,73.96999999999991,76.32999999999998,1,1,1.0
66,2,208.13,255.28,95.20999999999998,40.24999999999997,1,1,1.0
66,4,879.8,226.45,79.96000000000004,77.90000000000003,1,1,1.0
67,2,207.69,255.03,95.25,40.440000000000026,1,1,1.0
67,4,873.83,227.5,86.02999999999997,79.0,1,1,1.0
68,2,207.72,255.06,95.20000000000002,40.48000000000002,1,1,1.0
68,4,867.57,227.94,92.02999999999997,79.81,1,1,1.0
69,2,208.27,255.46,95.03,40.46000000000001,1,1,1.0
69,4,862.11,228.18,97.88999999999999,81.04000000000002,1,1,1.0
70,2,208.2,255.61,95.19,40.49000000000001,1,1,1.0
70,4,856.08,227.48,103.91999999999996,82.96000000000001,1,1,1.0
70,5,848.3,260.06,8.980000000000018,17.189999999999998,1,1,0.0
71,2,208.31,255.82,95.00999999999999,40.49000000000001,1,1,1.0
71,4,848.19,227.8,111.80999999999995,84.86000000000001,1,1,1.0
71,5,842.41,260.52,8.990000000000009,17.200000000000045,1,1,0.0
72,2,208.22,256.12,95.17999999999998,40.49000000000001,1,1,1.0
72,4,841.37,228.06,118.63,86.26999999999998,1,1,1.0
72,5,833.35,262.0,8.990000000000009,17.189999999999998,1,1,0.0
73,2,208.81,256.16,94.66000000000003,40.47999999999996,1,1,1.0
73,4,834.6,228.47,125.18999999999994,87.46000000000001,1,1,1.0
73,5,824.29,263.47,8.990000000000009,17.189999999999998,1,1,0.0
74,2,208.43,256.64,95.05000000000001,40.24000000000001,1,1,1.0
74,4,827.74,229.16,132.26,88.14000000000001,1,1,1.0
74,5,818.72,263.62,8.980000000000018,17.19999999999999,1,1,0.0
75,2,208.46,256.87,95.18999999999997,40.15999999999997,1,1,1.0
75,4,820.37,230.21,139.63,88.37999999999997,1,1,1.0
75,5,807.87,263.47,16.730000000000018,18.629999999999995,1,1,0.0
76,2,207.51,256.49,95.71000000000004,40.43000000000001,1,1,1.0
76,4,811.64,231.67,148.14999999999998,89.22999999999999,1,1,1.0
76,5,797.96,265.64,16.730000000000018,18.629999999999995,1,1,0.0
77,2,208.68,256.9,94.93,40.43000000000001,1,1,1.0
77,4,804.92,232.47,155.08000000000004,89.59,1,1,1.0
77,5,790.99,265.95,16.730000000000018,18.629999999999995,1,1,0.0
78,2,207.86,256.52,95.13,40.52000000000004,1,1,1.0
78,4,796.43,233.93,163.44000000000005,90.82,1,1,1.0
78,5,781.54,265.92,16.730000000000018,20.269999999999982,1,1,0.0
79,2,207.79,256.57,95.23999999999998,40.5,1,1,1.0
79,4,788.79,234.3,164.21000000000004,92.88,1,1,1.0
79,6,950.95,237.46,9.049999999999955,30.299999999999983,1,1,0.0
79,5,772.09,265.9,16.730000000000018,21.900000000000034,1,1,0.0
80,2,207.26,256.06,94.99000000000001,40.56,1,1,1.0
80,4,779.92,235.28,167.38,94.47,1,1,1.0
80,6,943.5,237.46,12.799999999999955,30.299999999999983,1,1,0.0
80,5,760.48,262.2,22.620000000000005,26.840000000000032,1,1,0.0
81,2,207.1,256.08,95.66,40.50999999999999,1,1,1.0
81,4,771.11,237.2,170.78999999999996,93.92000000000002,1,1,1.0
81,6,940.1,238.38,12.799999999999955,30.310000000000002,1,1,0.0
81,5,750.7,262.2,23.699999999999932,26.840000000000032,1,1,0.0
82,2,207.34,256.15,95.42999999999998,40.49000000000001,1,1,1.0
82,4,762.2,238.1,174.29999999999995,94.48999999999998,1,1,1.0
82,6,934.22,238.69,12.799999999999955,30.310000000000002,1,1,0.0
82,5,742.94,261.22,28.049999999999955,29.46999999999997,1,1,0.0
83,2,207.15,256.07,95.58000000000001,40.50999999999999,1,1,1.0
83,4,753.51,239.6,177.59000000000003,94.96000000000001,1,1,1.0
83,6,927.58,240.08,12.799999999999955,30.309999999999974,1,1,0.0
83,5,732.9,261.94,29.50999999999999,29.310000000000002,1,1,0.0
84,2,207.0,256.04,96.37,40.26999999999998,1,1,1.0
84,4,744.06,240.0,181.24,96.67000000000002,1,1,1.0
84,6,920.93,241.48,12.800000000000068,30.299999999999983,1,1,0.0
84,5,722.07,262.44,32.289999999999964,29.829999999999984,1,1,0.0
85,2,206.96,255.54,95.68999999999997,40.41,1,1,1.0
85,4,734.87,240.9,183.33000000000004,98.16,1,1,1.0
85,6,914.74,241.48,12.799999999999955,30.299999999999983,1,1,0.0
85,5,710.69,263.38,33.20999999999992,30.0,1,1,0.0
86,2,207.3,255.61,95.44999999999999,40.44999999999999,1,1,1.0
86,4,726.13,242.3,184.87,98.82999999999998,1,1,1.0
86,6,908.25,241.63,12.799999999999955,30.30000000000001,1,1,0.0
86,5,699.77,263.73,35.55000000000007,30.039999999999964,1,1,0.0
87,2,207.37,255.71,95.83999999999997,40.47999999999999,1,1,1.0
87,4,716.83,242.4,188.26999999999998,100.34,1,1,1.0
87,6,901.76,241.79,12.799999999999955,30.299999999999983,1,1,0.0
87,5,688.96,263.79,38.360000000000014,30.579999999999984,1,1,0.0
88,2,207.02,255.31,95.67999999999998,40.51999999999998,1,1,1.0
88,4,706.36,244.5,191.74,100.64999999999998,1,1,1.0
88,6,894.95,243.02,12.799999999999955,30.299999999999983,1,1,0.0
88,5,676.98,264.35,41.299999999999955,30.769999999999982,1,1,0.0
89,2,207.21,255.34,95.17999999999998,40.51000000000002,1,1,1.0
89,4,696.29,245.0,195.51,102.37,1,1,1.0
89,6,889.1,243.64,13.399999999999977,30.30000000000001,1,1,0.0
89,5,665.17,265.01,49.129999999999995,31.340000000000032,1,1,0.0
90,2,207.4,255.15,94.78,40.51000000000002,1,1,1.0
90,4,685.32,247.4,199.57999999999993,102.9,1,1,1.0
90,6,876.7,244.26,19.299999999999955,30.30000000000001,1,1,0.0
90,5,652.66,265.62,50.24000000000001,32.26999999999998,1,1,0.0
91,2,207.34,255.17,95.32000000000002,40.49000000000004,1,1,1.0
91,4,675.82,249.2,202.67999999999995,103.62,1,1,1.0
91,6,871.13,245.8,19.31000000000006,30.310000000000002,1,1,0.0
91,5,641.62,265.54,53.50999999999999,34.10999999999996,1,1,0.0
92,2,207.46,255.05,95.05999999999997,40.50999999999999,1,1,1.0
92,4,665.23,250.1,205.76999999999998,105.42999999999998,1,1,1.0
92,6,852.6,246.11,26.709999999999923,30.310000000000002,1,1,0.0
92,5,629.8,265.91,58.50999999999999,33.599999999999966,1,1,0.0
93,2,207.07,254.97,95.45999999999998,40.52000000000001,1,1,1.0
93,4,655.02,251.1,209.18000000000006,107.34,1,1,1.0
93,6,842.92,246.41,30.620000000000005,30.830000000000013,1,1,0.0
93,5,617.29,266.24,67.40000000000009,33.370000000000005,1,1,0.0
94,2,207.06,254.94,95.61000000000001,40.49000000000001,1,1,1.0
94,4,644.2,252.8,212.0,108.31,1,1,1.0
94,6,833.24,246.7,34.51999999999998,31.360000000000014,1,1,0.0
94,5,605.22,266.6,71.90999999999997,33.48999999999995,1,1,0.0
95,2,207.08,255.0,95.61999999999998,40.48000000000002,1,1,1.0
95,4,632.87,252.0,216.02999999999997,111.54000000000002,1,1,1.0
95,6,823.56,247.0,38.430000000000064,31.889999999999986,1,1,0.0
95,5,592.94,267.36,73.21999999999991,33.26999999999998,1,1,0.0
96,2,207.24,255.03,94.67000000000002,40.49999999999997,1,1,1.0
96,4,622.07,253.1,218.02999999999997,113.45000000000002,1,1,1.0
96,6,814.29,247.62,38.430000000000064,31.889999999999986,1,1,0.0
96,5,579.9,267.78,78.34000000000003,33.190000000000055,1,1,0.0
97,2,207.31,254.81,93.56,40.49000000000001,1,1,1.0
97,4,610.41,254.7,224.19000000000005,114.46000000000004,1,1,1.0
97,6,805.32,248.55,38.42999999999995,31.879999999999995,1,1,1.0
97,5,566.52,268.15,83.11000000000001,33.89000000000004,1,1,0.0
98,2,207.07,254.69,93.15000000000003,40.5,1,1,0.0
98,4,598.42,255.1,229.18000000000006,117.45000000000002,1,1,1.0
98,6,794.19,248.24,38.42999999999995,31.889999999999986,1,1,0.0
98,5,554.82,268.51,84.95999999999992,34.389999999999986,1,1,0.0
99,2,207.63,254.99,91.75999999999999,40.46999999999997,1,1,0.0
99,4,586.49,256.0,233.40999999999997,120.11000000000001,1,1,1.0
99,6,772.1,248.86,54.10000000000002,28.74000000000001,1,1,0.0
99,5,544.0,268.87,86.53999999999996,35.04000000000002,1,1,0.0
100,2,207.21,254.65,90.97,40.52000000000001,1,1,0.0
100,4,573.67,259.9,238.13,118.90000000000003,1,1,1.0
100,6,759.85,249.54,54.10000000000002,28.75000000000003,1,1,0.0
100,5,527.99,269.86,90.83000000000004,35.089999999999975,1,1,0.0
101,2,207.06,254.38,88.94,40.53000000000003,1,1,0.0
101,4,559.82,260.2,241.88,122.17000000000002,1,1,1.0
101,6,748.46,250.93,54.09999999999991,28.74000000000001,1,1,0.0
101,5,513.93,269.94,94.34000000000003,36.06999999999999,1,1,0.0
102,2,207.2,254.71,88.98000000000002,40.47999999999999,1,1,0.0
102,4,547.38,260.1,247.41999999999996,125.41999999999996,1,1,1.0
102,6,740.7,251.27,54.09999999999991,28.74999999999997,1,1,0.0
102,5,500.36,271.16,96.62,35.14999999999998,1,1,0.0
103,2,207.47,254.78,93.50000000000003,40.46000000000001,1,1,0.0
103,4,533.19,262.3,253.01,126.25999999999999,1,1,1.0
103,6,723.4,251.44,61.389999999999986,28.75,1,1,0.0
103,5,486.72,271.08,99.30999999999995,36.27000000000004,1,1,0.0
104,2,207.68,254.64,94.19,40.49000000000001,1,1,0.0
104,4,519.18,263.4,260.09000000000003,129.46000000000004,1,1,1.0
104,6,712.36,251.1,61.389999999999986,17.50000000000003,1,1,0.0
104,7,950.95,228.13,9.049999999999955,35.139999999999986,1,1,1.0
104,5,472.48,271.83,101.22000000000003,36.460000000000036,1,1,0.0
105,2,207.74,254.66,94.94,40.48999999999998,1,1,0.0
105,4,503.43,266.3,264.67,130.32,1,1,1.0
105,6,698.85,252.53,68.69999999999993,17.099999999999994,1,1,0.0
105,7,945.4,216.8,14.600000000000023,46.46999999999997,1,1,1.0
105,5,458.59,271.79,100.92000000000002,37.25,1,1,0.0
106,2,207.5,254.27,94.70999999999998,40.52000000000001,1,1,0.0
106,4,487.87,266.6,271.13,133.85999999999996,1,1,1.0
106,6,685.63,253.01,72.38,17.80000000000001,1,1,0.0
106,7,945.51,214.2,14.399999999999977,51.68000000000001,1,1,1.0
106,5,444.47,271.94,95.82999999999993,37.81999999999999,1,1,0.0
107,2,207.47,254.56,94.64000000000001,40.5,1,1,0.0
107,4,471.3,267.1,278.3,136.88,1,1,1.0
107,6,671.67,254.14,74.7700000000001,18.30000000000001,1,1,0.0
107,7,942.99,215.1,17.00999999999999,51.359999999999985,1,1,1.0
107,5,430.63,273.28,102.09000000000003,37.25,1,1,0.0
108,2,207.68,254.42,94.83999999999997,40.72999999999999,1,1,0.0
108,4,452.18,268.5,287.92,139.91000000000003,1,1,1.0
108,6,657.44,254.93,78.75,19.269999999999982,1,1,0.0
108,7,937.8,214.12,22.160000000000082,52.80000000000001,1,1,1.0
108,5,416.95,274.41,104.83999999999997,37.00999999999999,1,1,0.0
109,2,207.54,254.29,95.16,40.58000000000001,1,1,0.0
109,4,434.09,269.8,296.21,143.32,1,1,1.0
109,6,643.28,255.53,82.13,19.859999999999985,1,1,0.0
109,7,933.95,212.49,26.039999999999964,55.099999999999966,1,1,1.0
109,5,401.94,275.37,106.80000000000001,37.170000000000016,1,1,0.0
110,2,207.24,253.84,95.74000000000001,41.07000000000002,1,1,0.0
110,4,417.06,271.6,304.85999999999996,145.76,1,1,1.0
110,6,624.82,256.16,91.37,21.869999999999948,1,1,0.0
110,7,928.37,212.35,31.279999999999973,56.70000000000002,1,1,1.0
110,5,387.52,276.15,107.45000000000005,37.02000000000004,1,1,0.0
111,2,207.99,254.2,95.0,40.68000000000001,1,1,0.0
111,4,400.65,269.99,311.49,152.15999999999997,1,1,1.0
111,6,609.34,256.81,94.76999999999998,22.54000000000002,1,1,0.0
111,7,923.76,211.93,36.200000000000045,57.589999999999975,1,1,1.0
111,5,373.56,277.54,108.12,36.870000000000005,1,1,0.0
112,2,207.89,254.26,95.19,40.31,1,1,0.0
112,4,382.25,273.23,320.09000000000003,153.63,1,1,1.0
112,6,595.29,257.57,95.92000000000007,22.79000000000002,1,1,0.0
112,7,918.94,212.28,40.90999999999997,58.02000000000001,1,1,1.0
112,5,359.22,278.01,109.25999999999999,37.829999999999984,1,1,0.0
113,2,207.71,254.16,95.23999999999998,39.940000000000026,1,1,0.0
113,4,362.99,276.04,328.6,154.95999999999998,1,1,1.0
113,6,579.93,258.07,99.13,25.810000000000002,1,1,0.0
113,7,913.2,212.87,46.41999999999996,58.30000000000001,1,1,1.0
113,5,344.26,278.82,109.60000000000002,37.24000000000001,1,1,0.0
114,2,207.92,254.26,95.27000000000001,39.75999999999999,1,1,0.0
114,4,346.25,277.6,335.05999999999995,158.15999999999997,1,1,1.0
114,6,565.99,258.44,100.25999999999999,27.370000000000005,1,1,0.0
114,7,909.3,212.96,50.530000000000086,58.27000000000001,1,1,1.0
114,5,329.99,279.42,110.65999999999997,36.93000000000001,1,1,0.0
115,2,207.76,254.49,95.26999999999998,39.73000000000002,1,1,0.0
115,4,326.23,279.35,344.0799999999999,161.62,1,1,1.0
115,6,553.05,258.98,101.04000000000008,28.70999999999998,1,1,0.0
115,7,904.8,213.74,54.870000000000005,58.40999999999997,1,1,1.0
115,5,314.98,280.47,111.22999999999996,35.60999999999996,1,1,0.0
116,2,208.25,254.43,94.77999999999997,40.19999999999999,1,1,0.0
116,4,307.31,280.42,351.60999999999996,165.51999999999998,1,1,1.0
116,6,532.31,259.12,109.0,30.629999999999995,1,1,0.0
116,7,900.32,214.01,59.33999999999992,58.620000000000005,1,1,1.0
116,5,299.75,281.18,112.12,35.849999999999966,1,1,0.0
117,2,207.66,254.26,95.08000000000001,40.150000000000034,1,1,0.0
117,4,285.59,281.97,361.66,168.95,1,1,1.0
117,6,521.46,260.24,105.81999999999994,31.620000000000005,1,1,0.0
117,7,894.88,214.62,64.74000000000001,58.639999999999986,1,1,1.0
117,5,284.09,281.9,113.38000000000005,36.450000000000045,1,1,0.0
118,2,207.93,254.33,94.69,40.140000000000015,1,1,0.0
118,4,266.55,283.97,368.71999999999997,171.90999999999997,1,1,1.0
118,6,507.64,261.27,108.19000000000005,32.69,1,1,0.0
118,7,889.03,215.29,70.54000000000008,59.07000000000002,1,1,1.0
118,5,268.3,281.17,114.28999999999996,37.90999999999997,1,1,0.0
119,2,208.18,254.69,94.79000000000002,40.10000000000002,1,1,0.0
119,4,244.64,285.96,378.94000000000005,176.01000000000005,1,1,1.0
119,6,493.66,262.51,108.53000000000003,33.29000000000002,1,1,0.0
119,7,884.46,215.64,74.68999999999994,58.910000000000025,1,1,1.0
119,5,252.88,283.37,115.07,38.19,1,1,0.0
120,2,208.3,254.91,94.82,38.869999999999976,1,1,0.0
120,4,222.6,288.09,391.84000000000003,180.01000000000005,1,1,1.0
120,6,478.95,263.71,110.01000000000005,34.460000000000036,1,1,0.0
120,7,878.49,216.36,78.14999999999998,59.30000000000001,1,1,1.0
120,5,237.0,284.91,116.29000000000002,39.289999999999964,1,1,0.0
121,2,208.51,255.01,94.60000000000002,37.389999999999986,1,1,0.0
121,4,207.85,290.58,392.86,183.86,1,1,1.0
121,6,464.58,264.51,111.47999999999996,35.829999999999984,1,1,0.0
121,7,873.46,216.72,79.46999999999991,59.640000000000015,1,1,1.0
121,5,220.59,286.22,117.21000000000001,40.16999999999996,1,1,0.0
122,2,208.42,254.95,94.75000000000003,37.120000000000005,1,1,0.0
122,4,185.27,293.19,402.11,187.36,1,1,1.0
122,6,450.23,264.85,110.5,37.76999999999998,1,1,0.0
122,7,867.74,217.11,79.87,59.74000000000001,1,1,1.0
122,5,204.5,286.84,117.50999999999999,41.49000000000001,1,1,0.0
123,2,208.17,254.9,94.57000000000002,38.03999999999999,1,1,0.0
123,4,158.41,296.28,416.09000000000003,191.34000000000003,1,1,1.0
123,6,435.62,265.19,106.59000000000003,39.47000000000003,1,1,0.0
123,7,862.69,217.79,79.89999999999998,60.00000000000003,1,1,1.0
123,5,187.27,287.74,118.79999999999998,42.73000000000002,1,1,0.0
124,2,208.12,254.9,94.5,39.12999999999997,1,1,0.0
124,4,133.65,298.99,427.05000000000007,196.28999999999996,1,1,1.0
124,6,421.5,265.66,109.46000000000004,41.299999999999955,1,1,0.0
124,7,857.04,218.32,80.75,60.55000000000001,1,1,1.0
124,5,170.06,288.55,119.92000000000002,42.94999999999999,1,1,0.0
125,2,208.34,255.12,94.72999999999999,39.75999999999999,1,1,0.0
125,4,104.29,301.54,442.65000000000003,201.34999999999997,1,1,1.0
125,6,406.45,266.46,113.90000000000003,42.660000000000025,1,1,0.0
125,7,851.21,218.43,81.94999999999993,60.69999999999999,1,1,1.0
125,5,153.31,289.19,120.86000000000001,43.94999999999999,1,1,0.0
126,2,207.87,254.83,95.05000000000001,40.28,1,1,0.0
126,4,76.19,303.97,456.55,206.27999999999997,1,1,1.0
126,6,391.7,266.93,114.57999999999998,44.39999999999998,1,1,0.0
126,7,845.04,219.09,82.31000000000006,61.01000000000002,1,1,1.0
126,5,135.32,289.86,122.57,45.089999999999975,1,1,1.0
127,2,208.26,255.08,95.19,40.41999999999999,1,1,0.0
127,4,50.36,306.16,468.34000000000003,213.07999999999998,1,1,1.0
127,6,377.36,267.58,116.25999999999999,46.39000000000004,1,1,0.0
127,7,839.26,219.02,84.31000000000006,61.28,1,1,1.0
127,5,118.15,292.33,123.63999999999999,44.94,1,1,1.0
128,2,208.54,255.15,95.23999999999998,40.47999999999999,1,1,0.0
128,4,27.58,308.57,476.7,218.58999999999997,1,1,1.0
128,6,363.09,268.9,117.44,46.450000000000045,1,1,0.0
128,7,832.71,219.11,85.95999999999992,61.870000000000005,1,1,1.0
128,5,100.27,293.82,125.33,45.620000000000005,1,1,1.0
129,2,208.27,255.25,95.22999999999999,40.52999999999997,1,1,0.0
129,4,6.02,310.65,482.89000000000004,222.19000000000005,1,1,1.0
129,6,347.84,269.76,118.17000000000002,46.94,1,1,0.0
129,7,825.79,219.55,87.45000000000005,62.089999999999975,1,1,1.0
129,5,81.86,294.64,127.41000000000001,46.389999999999986,1,1,1.0
130,2,207.86,255.28,95.22999999999996,40.54999999999998,1,1,0.0
130,4,0.0,312.83,473.38,223.01000000000005,1,1,1.0
130,6,332.44,270.55,120.36000000000001,48.52999999999997,1,1,0.0
130,7,819.4,220.09,87.96000000000004,62.41,1,1,1.0
130,5,62.64,296.49,129.48000000000002,46.43000000000001,1,1,1.0
131,2,207.87,255.44,95.75,40.51999999999998,1,1,0.0
131,4,0.0,315.77,457.88,221.57000000000005,1,1,1.0
131,6,317.21,271.42,121.17000000000002,47.64999999999998,1,1,0.0
131,7,813.92,220.59,88.10000000000002,62.97,1,1,1.0
131,5,43.35,298.71,131.81,46.620000000000005,1,1,1.0
132,2,207.71,255.59,95.49999999999997,40.53999999999999,1,1,0.0
132,4,0.0,318.78,441.79,219.10000000000002,1,1,1.0
132,6,301.51,272.1,122.46000000000004,47.51999999999998,1,1,0.0
132,7,806.84,221.03,90.06999999999994,63.21000000000001,1,1,1.0
132,5,24.19,300.74,132.89000000000001,46.71999999999997,1,1,1.0
133,2,207.65,255.78,95.39000000000001,40.54999999999998,1,1,0.0
133,4,0.0,322.54,425.48,215.55,1,1,1.0
133,6,285.95,273.2,123.86000000000001,47.19,1,1,0.0
133,7,800.31,221.48,90.75,63.76000000000002,1,1,1.0
133,5,4.61,302.7,134.63,47.23000000000002,1,1,1.0
134,2,207.55,255.76,95.07999999999998,40.31999999999999,1,1,0.0
134,4,0.0,325.84,407.73,212.57999999999998,1,1,1.0
134,6,269.9,273.76,124.33000000000004,47.55000000000001,1,1,0.0
134,7,793.97,221.94,90.91999999999996,63.98000000000002,1,1,1.0
134,8,684.77,528.1,86.93000000000006,11.490000000000009,1,1,1.0
134,5,0.0,303.74,120.75,48.170000000000016,1,1,1.0
135,2,207.37,255.79,94.95999999999998,39.97,1,1,0.0
135,4,0.0,328.55,389.25,209.33999999999997,1,1,1.0
135,6,253.85,274.97,125.44000000000003,47.889999999999986,1,1,0.0
135,7,785.98,222.46,92.87,64.03,1,1,1.0
135,8,684.77,520.2,107.23000000000002,19.799999999999955,1,1,1.0
135,5,0.0,305.15,102.59,48.74000000000001,1,1,1.0
136,2,208.0,255.98,94.58999999999997,38.07000000000002,1,1,0.0
136,4,0.0,331.71,371.44,205.53000000000003,1,1,1.0
136,6,237.88,276.17,126.19999999999999,48.91999999999996,1,1,0.0
136,7,778.92,222.98,93.49000000000001,63.97,1,1,1.0
136,8,695.62,517.07,111.25999999999999,22.799999999999955,1,1,1.0
136,5,0.0,306.02,84.34,49.379999999999995,1,1,1.0
137,2,207.86,256.45,94.53999999999996,36.60000000000002,1,1,0.0
137,4,0.0,335.54,353.42,201.66000000000003,1,1,1.0
137,6,221.44,277.14,127.53000000000003,50.29000000000002,1,1,0.0
137,7,771.88,223.31,94.73000000000002,64.70999999999998,1,1,1.0
137,8,704.32,511.0,120.08999999999992,28.99000000000001,1,1,1.0
137,5,0.0,308.26,65.74,45.73000000000002,1,1,1.0
138,2,211.22,256.25,91.54999999999998,34.56999999999999,1,1,0.0
138,4,0.0,338.22,334.4,198.76999999999998,1,1,1.0
138,6,204.97,278.33,128.98,50.56999999999999,1,1,0.0
138,7,764.76,223.98,95.88999999999999,64.75000000000003,1,1,1.0
138,8,711.58,505.6,129.64,34.39999999999998,1,1,1.0
138,5,0.0,311.18,46.85,42.75,1,1,1.0
139,2,216.33,255.98,86.41,32.79999999999998,1,1,0.0
139,4,0.0,342.23,313.78,194.63,1,1,1.0
139,6,188.91,279.82,130.42,51.360000000000014,1,1,0.0
139,7,758.14,224.22,96.52999999999997,65.22999999999999,1,1,1.0
139,8,718.02,499.6,135.19000000000005,40.39999999999998,1,1,1.0
139,5,0.0,316.39,28.4,39.09000000000003,1,1,1.0
140,2,217.83,256.05,85.00999999999996,32.21999999999997,1,1,0.0
140,4,0.0,344.95,292.3,191.18,1,1,1.0
140,6,171.6,280.37,131.69000000000003,52.40999999999997,1,1,0.0
140,7,751.26,224.99,96.70000000000005,65.42000000000002,1,1,1.0
140,8,724.53,493.55,137.92000000000007,46.44999999999999,1,1,1.0
141,2,216.72,256.29,86.57000000000002,36.35999999999996,1,1,0.0
141,4,0.0,349.55,272.73,186.78000000000003,1,1,1.0
141,6,154.43,281.77,133.38,53.210000000000036,1,1,0.0
141,7,743.59,225.01,97.70999999999992,65.93,1,1,1.0
141,8,733.06,488.22,138.6500000000001,51.75999999999999,1,1,1.0
142,2,215.42,256.4,87.91,38.77000000000004,1,1,0.0
142,4,0.0,353.37,251.04,183.26999999999998,1,1,1.0
142,6,136.76,282.54,135.19,54.5,1,1,0.0
142,7,736.38,225.65,98.04999999999995,65.89000000000001,1,1,1.0
142,8,743.41,482.16,136.66000000000008,57.839999999999975,1,1,1.0
143,2,213.28,256.28,90.16,39.960000000000036,1,1,0.0
143,4,0.0,357.13,227.83,179.46000000000004,1,1,1.0
143,6,119.29,283.49,136.67000000000002,55.44,1,1,0.0
143,7,727.47,226.3,100.06999999999994,66.07999999999998,1,1,1.0
143,8,753.6,477.3,134.64,62.69999999999999,1,1,1.0
144,2,211.28,256.26,92.24999999999997,40.420000000000016,1,1,0.0
144,4,0.0,362.24,205.45,174.56999999999994,1,1,1.0
144,6,101.72,284.37,137.57,56.24000000000001,1,1,1.0
144,7,718.97,226.87,101.78999999999996,66.13,1,1,1.0
144,8,764.75,472.15,131.73000000000002,67.33000000000004,1,1,1.0
145,2,209.7,256.2,93.79000000000002,40.59000000000003,1,1,1.0
145,4,0.0,366.69,180.35,170.34999999999997,1,1,1.0
145,6,83.36,285.1,139.57,57.01999999999998,1,1,1.0
145,7,710.02,227.43,104.35000000000002,66.13999999999999,1,1,1.0
145,8,775.06,466.91,128.5,72.33999999999997,1,1,1.0
146,2,207.68,256.18,96.08999999999997,40.629999999999995,1,1,1.0
146,4,0.0,371.12,157.52,165.73000000000002,1,1,1.0
146,6,65.34,286.35,141.51,57.76999999999998,1,1,1.0
146,7,701.99,227.61,105.78999999999996,66.38,1,1,1.0
146,8,785.18,461.61,125.20000000000005,77.5,1,1,1.0
147,2,207.83,256.11,95.72,40.66999999999996,1,1,1.0
147,4,0.0,374.85,130.8,161.28999999999996,1,1,1.0
147,6,47.08,287.16,142.55,58.56999999999999,1,1,1.0
147,7,694.08,227.79,105.77999999999997,66.73999999999998,1,1,1.0
147,8,795.39,456.94,121.87,81.88000000000005,1,1,1.0
148,2,208.63,256.24,95.09000000000003,40.629999999999995,1,1,1.0
148,4,0.17,379.36,105.42,156.68999999999994,1,1,1.0
148,6,29.09,288.54,144.15,59.26999999999998,1,1,1.0
148,7,685.67,228.01,106.73000000000002,67.32,1,1,1.0
148,8,805.2,451.79,119.63999999999999,85.80000000000001,1,1,1.0
149,2,208.23,256.49,95.81000000000003,40.620000000000005,1,1,1.0
149,4,0.13,386.12,79.68,149.54999999999995,1,1,1.0
149,6,10.54,290.31,145.8,60.00999999999999,1,1,1.0
149,7,677.69,228.61,107.52999999999997,67.53999999999996,1,1,1.0
149,8,814.37,447.76,117.79999999999995,86.38,1,1,1.0
150,2,208.62,256.74,95.57999999999998,40.610000000000014,1,1,1.0
150,4,0.2,393.83,51.5,142.49000000000007,1,1,1.0
150,6,0.0,291.74,139.37,60.75999999999999,1,1,1.0
150,7,669.08,228.72,108.76999999999998,68.35,1,1,1.0
150,8,823.51,443.24,115.11000000000001,86.41999999999996,1,1,1.0
151,2,207.91,256.17,95.45000000000002,40.65999999999997,1,1,1.0
151,4,0.01,405.82,20.33,129.82999999999998,1,1,1.0
151,6,0.0,292.29,120.77,61.35999999999996,1,1,1.0
151,7,658.82,229.16,110.13,68.97,1,1,1.0
151,8,830.05,439.61,114.08000000000004,85.43999999999994,1,1,1.0
152,2,208.28,256.46,95.17999999999998,40.60000000000002,1,1,1.0
152,6,0.0,294.11,103.6,61.69999999999999,1,1,1.0
152,7,649.68,229.46,111.16000000000008,69.10999999999999,1,1,1.0
152,8,838.7,435.23,111.77999999999997,83.35000000000002,1,1,1.0
153,2,207.79,256.58,96.04999999999998,40.56999999999999,1,1,1.0
153,6,0.0,295.51,85.87,58.389999999999986,1,1,1.0
153,7,640.53,229.6,112.48000000000002,69.14000000000001,1,1,1.0
153,8,847.01,431.29,108.93000000000006,81.90000000000003,1,1,1.0
154,2,208.07,256.82,95.61000000000001,40.56,1,1,1.0
154,6,0.0,297.16,68.06,56.81,1,1,1.0
154,7,630.59,230.02,113.88999999999999,69.64000000000001,1,1,1.0
154,8,855.1,427.25,104.89999999999998,80.25,1,1,1.0
155,2,208.63,257.12,95.19999999999999,40.54000000000002,1,1,1.0
155,6,0.0,299.87,49.06,55.45999999999998,1,1,1.0
155,7,621.32,230.42,114.89999999999998,70.05000000000004,1,1,1.0
155,8,861.94,423.39,98.05999999999995,78.50999999999999,1,1,1.0
156,2,209.08,257.3,95.24999999999997,40.52999999999997,1,1,1.0
156,6,0.0,301.71,31.68,55.710000000000036,1,1,1.0
156,7,611.31,230.83,116.66000000000008,70.42999999999998,1,1,1.0
156,8,869.91,419.14,90.09000000000003,77.75999999999999,1,1,1.0
157,2,208.66,257.33,95.78999999999999,40.55000000000001,1,1,1.0
157,6,0.0,305.31,12.52,51.10000000000002,1,1,1.0
157,7,601.98,231.47,117.34000000000003,70.35999999999999,1,1,1.0
157,8,876.66,416.32,83.34000000000003,75.47000000000003,1,1,1.0
158,2,208.82,257.76,95.5,40.54000000000002,1,1,1.0
158,7,592.38,232.08,118.52999999999997,71.03999999999999,1,1,1.0
158,8,882.83,412.66,77.16999999999996,74.50999999999999,1,1,1.0
159,2,208.39,257.58,95.36000000000001,40.58000000000004,1,1,1.0
159,7,582.17,232.26,118.91000000000008,71.84000000000003,1,1,1.0
159,8,888.53,409.81,71.47000000000003,71.16000000000003,1,1,1.0
160,2,208.42,257.58,95.32000000000002,40.56,1,1,1.0
160,7,571.4,232.76,120.5,72.09000000000003,1,1,1.0
160,8,895.62,405.78,64.38,68.81,1,1,1.0
161,2,208.5,257.67,95.31,40.52999999999997,1,1,1.0
161,7,560.08,232.81,122.54999999999995,72.38999999999999,1,1,1.0
161,8,900.88,402.12,59.120000000000005,66.89999999999998,1,1,1.0
162,2,208.48,257.82,95.28999999999999,40.51999999999998,1,1,1.0
162,7,550.37,233.23,122.79999999999995,72.50000000000003,1,1,0.0
162,8,907.6,399.49,52.39999999999998,64.69,1,1,1.0
163,2,208.46,257.99,95.28999999999999,40.51999999999998,1,1,1.0
163,7,543.31,233.39,120.3900000000001,73.52000000000004,1,1,0.0
163,8,913.76,396.45,46.24000000000001,63.900000000000034,1,1,1.0
164,2,208.06,257.84,95.26999999999998,40.55000000000001,1,1,1.0
164,7,529.98,234.17,123.86000000000001,73.69000000000003,1,1,0.0
164,8,918.5,393.56,41.5,63.129999999999995,1,1,1.0
165,2,208.16,257.97,95.03,40.52999999999997,1,1,1.0
165,7,518.02,234.93,125.63,73.69999999999999,1,1,0.0
165,8,924.2,390.26,35.799999999999955,61.85000000000002,1,1,1.0
166,2,207.7,257.75,95.68,40.51999999999998,1,1,1.0
166,7,506.43,235.44,127.24999999999994,74.19,1,1,0.0
166,8,930.09,387.93,29.909999999999968,60.389999999999986,1,1,1.0
167,2,207.02,257.52,95.91,40.55000000000001,1,1,1.0
167,7,494.37,235.81,128.78999999999996,74.39999999999998,1,1,0.0
167,8,935.94,385.78,24.059999999999945,58.870000000000005,1,1,1.0
168,2,207.19,257.54,95.50999999999999,40.52999999999997,1,1,1.0
168,7,482.43,236.18,130.32999999999998,74.67000000000002,1,1,0.0
168,8,940.78,384.0,19.220000000000027,57.31999999999999,1,1,1.0
169,2,207.59,257.95,95.35999999999999,40.24000000000001,1,1,1.0
169,7,472.06,237.12,131.39000000000004,73.96999999999997,1,1,0.0
169,8,945.36,386.2,14.639999999999986,51.19,1,1,1.0
170,2,207.58,257.98,95.29999999999998,40.40999999999997,1,1,1.0
170,7,460.47,238.17,132.70999999999992,74.22999999999999,1,1,0.0
170,8,950.97,391.35,9.029999999999973,41.579999999999984,1,1,1.0
171,2,207.58,257.68,94.77000000000001,40.49000000000001,1,1,1.0
171,7,448.45,238.78,133.64000000000004,74.84,1,1,0.0
171,8,950.97,391.35,9.029999999999973,41.579999999999984,1,1,1.0
172,2,207.39,257.58,95.07,40.50999999999999,1,1,1.0
172,7,436.69,238.72,134.45999999999998,75.53999999999999,1,1,0.0
173,2,207.65,257.63,94.70000000000002,40.5,1,1,1.0
173,7,425.55,239.21,134.74999999999994,76.02000000000001,1,1,0.0
174,2,207.82,257.68,94.81,40.49000000000001,1,1,1.0
174,7,413.89,240.03,133.34000000000003,76.42999999999998,1,1,0.0
175,2,207.79,257.63,95.09,40.49000000000001,1,1,1.0
175,7,402.37,240.15,134.72000000000003,76.83000000000001,1,1,0.0
176,2,207.14,257.23,95.43,40.52999999999997,1,1,1.0
176,7,390.87,240.11,136.16999999999996,77.26999999999998,1,1,0.0
177,2,207.46,257.35,95.35,40.47999999999996,1,1,1.0
177,7,381.79,240.22,134.79000000000002,77.82000000000002,1,1,0.0
178,2,208.06,257.5,94.81,40.47000000000003,1,1,1.0
178,7,369.49,240.26,137.05,79.00999999999999,1,1,0.0
179,2,207.53,256.92,94.83000000000001,40.539999999999964,1,1,1.0
179,7,356.85,240.36,138.42999999999995,79.56,1,1,0.0
180,2,207.03,256.43,95.08000000000001,40.55000000000001,1,1,1.0
180,7,344.75,240.34,139.3,80.22999999999999,1,1,0.0
181,2,207.08,256.39,95.19999999999996,40.52000000000004,1,1,1.0
181,7,333.28,240.4,140.25,78.43999999999997,1,1,0.0
182,2,207.33,256.13,95.23999999999998,40.50999999999999,1,1,1.0
182,7,321.07,240.04,141.92000000000002,78.22999999999999,1,1,0.0
183,2,207.53,256.12,95.76000000000002,40.48000000000002,1,1,0.0
183,7,309.68,239.84,142.67000000000002,78.11999999999998,1,1,0.0
184,2,208.41,256.54,95.72999999999999,40.44,1,1,0.0
184,7,298.69,240.64,142.95,78.03000000000003,1,1,0.0
185,2,208.99,257.23,93.96999999999997,40.18000000000001,1,1,0.0
185,7,288.27,241.98,143.01,77.97999999999999,1,1,0.0
186,2,209.15,256.99,91.78,40.39999999999998,1,1,0.0
186,7,277.05,242.53,142.95999999999998,78.05999999999997,1,1,0.0
187,2,208.99,257.17,84.0,39.24000000000001,1,1,0.0
187,7,264.82,243.13,144.37,78.82,1,1,0.0
188,2,208.82,257.35,76.23000000000002,38.06999999999999,1,1,0.0
188,7,252.96,243.75,145.12999999999997,79.32999999999998,1,1,0.0
189,2,208.66,257.53,68.45000000000002,36.910000000000025,1,1,1.0
189,7,240.17,244.42,147.35999999999999,80.03999999999999,1,1,0.0
190,2,208.5,257.91,53.60000000000002,36.69999999999999,1,1,1.0
190,7,228.15,245.18,147.70000000000002,81.75,1,1,0.0
